=== Seite 1 ===
--- Einspaltig ---
Tabsammlung für die diatonische Mundharmonika
1.   Film- und Musicalmusik
Das Krokodil und sein Nilpferd .................................................................. 5
Denk an mich (Phantom der Oper)............................................................ 6
Der Pate (Godfather Theme) .................................................................... 7
Die rechte und die linke Hand des Teufels .................................................. 8
Don Camillo ........................................................................................... 9
Ein Herz und eine Seele ..........................................................................10
Großstadtrevier .....................................................................................11
Halleluja (Shrek) ...................................................................................12
He’s a pirate (Fluch der Karibik) ..............................................................13
Hobbit Theme (Herr der Ringe) ...............................................................14
I feel pretty (West Side Story) ................................................................15
I will follow him (Sister Act) ....................................................................16
Ich wollte nie erwachsen sein (Tabaluga)..................................................17
Ich wünscht’ Du wärst bei mir (Winnetou) ................................................18
Mein Name ist Nobody ...........................................................................19
My heard will go on (Titanic) ...................................................................20
Police Academy .....................................................................................21
Schinderhannes .....................................................................................22
Wir drei Mann in einem Boot ...................................................................23
2.   Volksmusik
Ähnchen von Tharau ..............................................................................24
Alle Vögel sind schon da .........................................................................25
Als wir jüngst in Regensburg waren .........................................................26
Am Brunnen vor dem Tore ......................................................................27
Bolle reiste jüngst zu Pfingsten ................................................................28
Das Bürgerlied ......................................................................................29
Dat Du mien Leewsten büst ....................................................................30
Die Gedanken sind frei ...........................................................................31
Die Lindenwirtin ....................................................................................32
Die Lorelei ............................................................................................33
Du, Du, liegst mir im Herzen ...................................................................34
Ein Heller und ein Batzen ........................................................................35
Es war im Böhmerwald ...........................................................................36
Freude schöner Götterfunken ..................................................................37
Freut Euch des Lebens ...........................................................................38
Geh aus mein Herz und suche Freud ........................................................39
Hoch auf dem gelben Wagen ...................................................................40
Hohe Tannen ........................................................................................41
Horch, was kommt von draußen rein ........................................................42
Im Frühtau zu Berge ..............................................................................43
In München steht ein Hofbräuhaus ...........................................................44
Kein schöner Land .................................................................................45
Kommt ein Vogel geflogen ......................................................................46
Lebt denn der alte Holzmichl noch? ..........................................................47
Lustig ist das Zigeunerleben ...................................................................48
Muss i denn ..........................................................................................49
Nehmt Abschied Brüder ..........................................................................50
Sah ein Knab ein Röslein stehn................................................................51
Schneewalzer ........................................................................................52
Steigerlied ............................................................................................53
Von den blauen Bergen kommen wir ........................................................54
Wildschütz Jennerwein ...........................................................................55
Wo die Weser einen großen Bogen macht .................................................56

=== Seite 2 ===
--- Einspaltig ---
3.   Schlager
Aber Dich gibt’s nur einmal für mich ........................................................57
Alt wie ein Baum ...................................................................................58
An der Nordseeküste ..............................................................................59
Ein schöner Tag .....................................................................................60
Für mich soll’s rote Rosen regnen ............................................................61
Marmor, Stein und Eisen bricht ...............................................................62
Tränen lügen nicht .................................................................................63
Über sieben Brücken musst Du geh’n .......................................................64
Wir zwei fahren irgendwo hin ..................................................................65
Zwei kleine Italiener ..............................................................................66
4.   Seemannslieder
Caprifischer ..........................................................................................67
Die Gitarre und das Meer ........................................................................68
Ein Hering und eine Makrele....................................................................69
Hamburger Veermaster ..........................................................................70
I am Sailing ..........................................................................................71
La Paloma.............................................................................................72
My Bonnie lives over the ocean ...............................................................73
Seemann laß das Träumen .....................................................................74
Wir lagen vor Madagaskar ......................................................................75
5.   Kinderlieder
Alle meine Entchen ................................................................................76
Biene Maja............................................................................................77
Bruder Jakob ........................................................................................78
Der Mond ist aufgegangen ......................................................................79
Eine Insel mit zwei Bergen ......................................................................80
Fuchs du hast die Gans gestohlen ............................................................81
Guten Abend, Gute Nacht .......................................................................82
Hänschen Klein .....................................................................................83
Hänsel und Gretel ..................................................................................84
Kum ba yah ..........................................................................................85
La Le Lu ...............................................................................................86
Michel aus Lönneberga ...........................................................................87
Pippi Langstrumpf ..................................................................................88
Pumuckl ...............................................................................................89
6.   Blues
Amazing Grace ......................................................................................90
Blueberry Hill ........................................................................................91
Knucklehead .........................................................................................92
St. James Infirmary ...............................................................................93
Wild Cat Blues .......................................................................................94

=== Seite 3 ===
--- Einspaltig ---
7.   Pop und Rock
All my loving .........................................................................................95
Are you lonesome tonight? .....................................................................96
Banks of Ohio .......................................................................................97
Blowin’ in the wind ................................................................................98
Country Roads ......................................................................................99
Danny Boy .......................................................................................... 100
Dirty Old Town .................................................................................... 101
Ghostriders in the Sky .......................................................................... 102
Hey Jude ............................................................................................ 103
Killing me softly .................................................................................. 104
Let it be ............................................................................................. 105
Lion sleeps tonight ............................................................................... 106
Maybe ................................................................................................ 107
Moon River ......................................................................................... 108
Morning has broken ............................................................................. 109
Mull of Kintyre ..................................................................................... 110
Oh my Darling ..................................................................................... 111
Oh Susanna ........................................................................................ 112
Oh when the saints go marching in ........................................................ 113
Puff the magic dragon .......................................................................... 114
San Francisco ...................................................................................... 115
Scarborough Fair (Eine Insel am Ende der Welt) ...................................... 116
Somewhere over the rainbow ................................................................ 117
Tennesee Waltz ................................................................................... 118
The Entertainer ................................................................................... 119
Tom Dooley ........................................................................................ 120
What a wonderful world ........................................................................ 121
Yesterday ........................................................................................... 122
You are my sunshine ............................................................................ 123
8.   Klassische Lieder
Der Vogelhändler (Arie des Papageno) ................................................... 124
Nabucco (Gefangenenchor) ................................................................... 125
Für Elise ............................................................................................. 126
Vier Jahreszeiten – Der Frühling – 1.Satz Anfang (Vivaldi) ........................ 127
9.   Irische Lieder
A rainy night in Soho ........................................................................... 128
Sailor and the Maid .............................................................................. 129
Scotland the Brave (Dudelsackmelodie) .................................................. 130
Whiskey in the jar ............................................................................... 131
10. Weihnachtlieder
Alle Jahre wieder ................................................................................. 132
Am Weihnachtsbaum die Lichter brennen ............................................... 133
Ave Maria ........................................................................................... 134
Es ist ein Ros entsprungen .................................................................... 135
Es ist für uns eine Zeit angekommen ..................................................... 136
Ihr Kinderlein kommet ......................................................................... 137

=== Seite 4 ===
--- Einspaltig ---
In der Weihnachtsbäckerei .................................................................... 138
Jingle Bells ......................................................................................... 139
Kommet Ihr Hirten .............................................................................. 140
Lasst uns froh und munter sein ............................................................. 141
Leise rieselt der Schnee ........................................................................ 142
Little Drummer Boy ............................................................................. 143
Merry Christmas – Frohe Weihnacht ....................................................... 144
O Du Fröhliche .................................................................................... 145
O Tannenbaum.................................................................................... 146
Rudolph the red-nosed raindeer ............................................................ 147
Schneeflöckchen Weißröckchen ............................................................. 148
Stille Nacht ......................................................................................... 149
Süßer die Glocken nicht klingen ............................................................. 150
Vom Himmel hoch ............................................................................... 151
White Christmas .................................................................................. 152
11. Religiöse Lieder
Michael row the boat ashore ................................................................. 153
Sing Hallelujah .................................................................................... 154
12. Historische Lieder
Ich hatte einen Kameraden ................................................................... 155
Lili Marleen ......................................................................................... 156
Wildgänse rauschen durch die Nacht ...................................................... 157
Wolgalied ........................................................................................... 158
13. Sonstige Melodien
Deutsche Nationalhymne ...................................................................... 159
Happy Birthday ................................................................................... 160
Kalinka ............................................................................................... 161
Tarantella ........................................................................................... 162
Wie schön das Du geboren bist.............................................................. 163
When Johnny comes marching home again ............................................. 164


#TITLE "Das Krokodil und sein Nilpferd"
3 4 4 -4 5 4 -4 6
3 -3 -3 4 -4 -3 4 3
3 4 4 -4 5 4 -5 6 -6
-6 6 5 -5 -4 4
6 7 -7 7 6 7 -7 7 6 7 -7 -6 6 -5
6 -7 6 -6 -5 6 5 -5
-4 5 4 -4 -3 4

#TITLE "Denk an mich (Phantom der Oper)"
5 -5 5
-4 -4 -4 5 -4
4 4 4 7 6
-5 5 -5 5
-4 -4 -4 5 -4
4 4 4 7 6
5 -5 5
-5 5 -5 5 -5 5
6 -7 -8 -8 7 -6 5 -4
4 -4 5 -5 5 -6 6 5
-4 5 -5 -3 4
5 5 -5 5
-5 5 -5 5 -5 5
6 -7 -8 -8 7 -6 5 -4
4 -4 5 -5 5 -6 6 5
-4 5 -5 -3 4
4 7 -7 -7 -7 -6 6 7 6 5
4 -4 5 -4 5 -6 6 5 -4

#TITLE "Der Pate (Godfather Theme)"
Vereinfachte Version:
5 -6 7 -7 -6 7 -6 -7 -6 -5 6 5
5 -6 7 -7 -6 7 -6 -7 -6 -5 5 -4
-4 -5 -6 -7 -4 -5 -7 -6
6 6 -5 -5 5 6 -5 -5 5 5 7 -6
-6 -6 6 6 -7 -6 -5 5
5 6 5 -4 -4 -5 -4 5
5 -6 7 -7 -6 7 -6 -7 -6 -5 6 5
5 -6 7 -7 -6 7 -6 -7 -6 5 5 -4
-4 -5 -6 -7 -8 7 -7 -6
4 5 6 -5 5 6 -5 -5 5 5 -7 -6
Korrekte Version:
5 -6 7 -7 -6 7 -6 -7 -6 -5 6 5
-4 -5 -6 -7 -4 -5 -6' -6
-6 6 -5 -5 5 6 -5 -5 5 5 -6' -6
-6 -6 -6' 6 -7 -6 -5 5
5 -6 7 -7 -6 7 -6 -7 -6 -5 6 5
-4 -5 -6' -7 -8 7 -7 -6
4 5 6 -5 5 6 -5 -5 5 5 -6' -6

#TITLE "Die rechte und die linke Hand des Teufels"
-5 6 -6 6 -5 6 -6 6 5
-5 6 -6 -8 7
-5 6 -6 6 -5 6 -6 6 -4
-4 4 -4 -5 -4 4 -4 -5
-4 4 -4 -5 -4 4 -4

#TITLE "Don Camillo"
4 5 -4 5 -4 4 5 -4
-4 5 -5 -5 5 -4 4 -4 5
5 6 -5 5 -4 5 -5 5
4 5 -4 4 -3 4 -4
5 6 -5 5 -4 5 -5 5
4 5 -4 4 -3 4 -4 4

#TITLE "Ein Herz und eine Seele"
6 5 4 -6
6 5 4 6
-5 -4 -3 6
-5 -4 -3 -6
6 5 4 -6
6 5 4 6
-5 -4 -3 6
-5 -4 -3 4

#TITLE "Großstadtrevier"
6 6 6 7 7 7 -5
-6 -6 -6 6 6 -6
-6 -6 -6 -6 -6 6 5 -4 5
6 6 6 7 7 7 -5
-6 -6 -6 6 6 6 -6
-6 -6 -6 6 5 -4 5
6 6 6 7 7 7 7 -5
-6 -6 6 6 -6
-6 -6 6 5 -4 5
6 6 6 7 7 7 7 -5
-6 -6 6 6 -6
-6 -6 -6 -6 6 5 -4 4
6 -6 7 -6 6
5 -4 4 -4 5
6 6 -6 7 -6 -6 6
6 6 -6 -7 7 -8

#TITLE "Halleluja (Shrek)"
3 6 6 6 6 -6 -6 -6
5 6 6 6 6 6 -6 -6 -6
6 -6 -6 -6 -6 -6 6 6 -5 6 6
3 6 6 6 6 -6 -6 -7
6 7 7 7
-6 7 7 -8
7 -8 -8 -8 -8 8 8 8 -8-8 7
5 6 -6 -6
-6 6 5 5
5 6 -6 -6
-6 6 5 -5 5 -4 4 4

#TITLE "He’s a pirate (Fluch der Karibik)"
1. Teil:
4 -4 -4 -4 5 -5 -5 -5 6 5 5 -4 4 4 -4
4 -4 -4 -4 5 -5 -5 -5 6 5 5 -4 4 -4
4 -4 -4 -4 5 -5 -5 -5 6 -6 -6 6 -5 6 4
4 -5 -5 6 -6 -4
-4 -5 5 5 -4 4 -4
4 -4 -4 -4 5 -5 -5 -5 6 5 5 -4 4 4 -4
4 -4 -4 -4 5 -5 -5 -5 6 5 5 -4 4 -4
4 -4 -4 -4 5 -5 -5 -5 6 -6 -6 6 -5 6 4
4 -5 -5 6 -6 -4
-4 -5 5 5 -4 4 -4
-4 5 -5 -5 6
-6 -5 -4 -3
-7 -5 -4 -3
2. Teil:
-4 5 -5 6 -6 6 -5 5 -5 6 -6 6
-5 6 -6 6 -5 5 -5 5 -4 5 4 -4
-4 5 -5 5 -5 6 -5 6 -6 6 -5 -4
-4 5 -5 6 -6 -8 -4 -5 5 -5 5 -4
-4 -3" -4 5 -3" 5 -5 5 -4 5
-4 5 -5 5 -4 -4" -5
-3" 3 -2 3 -3" -3 -4
-4 4 -4 5 -5 -4 -5 5 4 -4
-4 4 -4 5 -5 6 -6 5 4
-4 4 -4 5 -5 -4 -5 5 4 -4
-4 4 -4 5 -5 6 -6 -7 -8"
-4 5 -5 6 -6 6 -5 5 -5 6 -6 6
-5 6 -6 6 -4 -4"
-4 -4 -4 5 -4 -4 5 -4

#TITLE "Hobbit Theme (Herr der Ringe)"
4 -4 5 6 5 -4 4
5 6 -6 7 -7 6 5 -5 5 -4
4 -4 5 6 5 -4 4 -4 4
5 6 -6 7 -7 6 5 -5 5 -4 (4 4)

#TITLE "I feel pretty"
3 -3 4 5
3 -3 4 5
3 -3 4 5
3 4 5
3 6
-5 5 -4 4
-4 5 -5
5 -4 4 -3
-4 4
5 5 5 5 5 -5 -4 5 -4 4
3 -3 4
5 5 5 5 5 -4 4 -4 -3
-3 -3 -3 -3 4
4 4 4 4 -4
-4 -4 -4 -4 5
5 5 5 5 -6

#TITLE "I will follow him (Sister Act)"
4 -4 -5 6 -5
4 -4 -5 -4 -5 -6 7 -6 7
7 -8 -8 -8 -8 -6 -8 7
7 -8 -8 -8 -8 7 -7' 7
7 -6 6 -6 6 -5
4 -4 -5 6 -5
4 -4 -5 -4 -5 -6 7 -6 7
7 -8 -8 -8 -8 -6 -8 7
7 -8 -8 -8 -8 -6 -8 -9
9 8 7 -9 -9 9 8 7 -9
7 -9 -9 7 -9 -9 7 -9 -9
7 -9 8 -8 7 -8 -8 -6 -8 -8 -6 -8 -8

#TITLE "Ich wollte nie erwachsen sein (Tabaluga)"
3 4 -4 5 -4 5 -5 -4
-4 6 -5 5 -5 5 -4 4
3 4 -4 5 -4 5 -5 -4
-4 6 -5 5 -5 5 -4 4
-7 -7 -7 7 -8 -6
-7 -7 -7 7 -8 -6 6 6
5 6
5 6 -7 7 -6 6 6
5 6 6 -5 5 -4 5 4
5 -4 5 4

#TITLE "Ich wünscht’ Du wärst bei mir (Winnetou)"
3 4 3 4 -4 5 6 -4
3 -4 3 -4 5 -5 6 5
4 -5 4 -5 6 -6 7 -7 6
6 5 -4 3 -4 -4 4 -3 4

#TITLE "Mein Name ist Nobody (G-Harp)"
-6 6 -8 7 -7 7 -6 -7 6 8 -8 7
-7 7 -8 -7 6 6 6 6 -10 9
7 -8 -7 6 6 6 6 -10 9
7 -8 -7 6 6 6 6 9 -9
8 -8 8 -8 7 -8 7 -7 7
8 -8 8 -8 8 -8 8 -8 7 -8 8 -8 (-6 6)
8 -8 8 -8 8 -8 8 -8 7 -8 8 8
-10 9 -10 9 -10 -9 10 9 -9 9 -10
9 -9 9 -9 9
8 -8 8 -8 8 -8 8 -8 7 -8 8 -8 7
-6 6 -8 7 -7 7 -6 -7 6 8 -8 7
-7 7 -8 -7 6 6 6 6 -10 9
7 -8 -7 6 6 6 6 -10 9
7 -8 -7 6 6 6 6 9 -9
8 -8 8 -8 7 -8 7 -7 7

#TITLE "My heart will go on (Titanic)"
4 -4 5 -5 5 -4 6
-5 5 4 -3' 3
4 -4 5 -5 5 -4 6
5 6 -6 6 5 -4
4 4 4 4 -3 4
4 -3 4 -4 5 -5 5 -4
4 4 4 4 -3 4 4 3
4 -4 3 6 -5 5 -4
5 -5 5 -4 4 -3 4 4 3
4 -4 3 6 -5 5 -4
5 -5 5 -4 4 -3 4
4 -3 4 -4 5 -4 4

#TITLE "Police Academy"
6 4 -4 4
7 -7 -6 -6 -6 6
6 6 -6 6 6 6 7 6
-5 5 -5 5 4 -4

#TITLE "Schinderhannes"
3 3 3 3 3 3 5 5
5 5 -4 -4 5 -5 5 5
3 3 3 3 3 3 5 5
5 5 -4 5 -4 4

#TITLE "Wir drei Mann in einem Boot"
5 -6 -6 -6 6 -5 4
4 6 6 6 -5 5
4 6 6 6 -5 -5 5 5
5 5 5 -5 5 -4 4
4 -3 -3 4 4 -3 -3 5
5 -4 -4 -4 -4 5 -5 6
6 5 5 5 5 -4 5 6 -5 -4
-4 -4 -4 -4 -4 4 -4 5
-6 6 5 5 5 5 -4 5 6 -5 -4
-4 -4 -4 -4 -4 4 -4 4

#TITLE "Ähnchen von Tharau"
4 -4 4 4 -5
-5 6 -6 6 -5
5 5 5 6 -5 5
-4 5 -4 4
4 -4 4 4 -5
-5 6 -6 6 -5
5 5 5 6 -5 5
-4 5 -4 4
4 4 -4 5 4
-4 5 5 -5 6
6 -5 6 5 -5

#TITLE "Alle Vögel sind schon da"
4 5 6 7 -6 7 -6 6
-5 6 5 4 -4 4
4 5 6 7 -6 7 -6 6
-5 6 5 4 -4 4
6 6 -5 -5 5 6 5 -4
6 6 -5 -5 5 6 5 -4
4 5 6 7 -6 7 -6 6
-5 6 5 4 -4 4

#TITLE "Als wir jüngst in Regensburg waren"
6 -5 5 6 7 5 6 -5 -4 5 4
6 -5 5 6 7 5 6 -5 -4 5 4
6 6 6 6 6 5 7 -6 6
-7 -7 7 6 5 4 6 8 -8 7
4 5 6 4 5 6 -6 7 -6 -6 6 6
-7 -7 7 6 5 4 3 5 -4 4

#TITLE "Am Brunnen vor dem Tore"
6 6 5 5 5 5 4
4 -4 5 -5 -4 5
6 6 5 5 5 5 4
4 -4 5 6 -5 -4 4
4 -4 -4 -4 -4 5 -5 6
6 -6 6 5 4 -4
-4 -4 -4 -4 -4 5 -5 6
6 7 6 5 6 -5 -4 4

#TITLE "Bolle reiste jüngst zu Pfingsten"
4 4 -5 -5 6 -5 5 -4
-5 5 5 -4 5 -5
4 4 -5 -5 6 -5 5 -4
-5 5 5 -4 5 -5
-6 6 -6 6 -6 6 6
6 6 6 -6 -7 7
4 4 -5 -5 6 -5 5 -4
-5 5 5 -4 5 -5
4 4 -5 -5 6 -5 5 -4
-5 5 5 -4 5 -5

#TITLE "Das Bürgerlied"
3 3 4 4 4 -4 5 5
4 -4 5 6 6 -5 -5 5
-4 4 -4 5 -5 5 -4
6 -5 5 6 -6 6 -5 5
-4 4 -4 -5 6 -5 5 -4
4 4 4 5 -4 -4 4

#TITLE "Dat Du mien Leewsten büst"
4 5 6 -4 -4 -3 3
4 5 6 -4
-5 -6 6 -5 5 6 -5 5
-4 4 -4 5 6
5 -6 6 -5 5 6 -5 5
-4 4 -3 4

#TITLE "Die Gedanken sind frei"
3 3 4 4 5 4 3
6 -5 -4 6 5 4
3 4 4 5 4 3
6 -5 -4 6 5 4
4 -3 -4 -3 4 5
4 -3 -4 -3 4 5
6 -5 -5 6 -5 5
4 5 5 -4 4 -3 4

#TITLE "Die Lindenwirtin"
6 6 6 -5 5 -6 -6 -6
-6 -6 7 -7 -6 -6 6 6
6 -4 -4 6 -7 -6 6
-5 -5 -5 5 -4 5 6 7
-5 -5 -5 5 -4 5 6 7
7 -7 -8 7 -6 -6 6
6 6 6 -6 -7 -8 7

#TITLE "Die Lorelei"
6 6 -6 6 7 -7 -6 6 -5
-5 5 5 -4 4 -4 5
6 6 -6 6 7 -7 -6 6 -5
-5 5 5 6 -5 -4 4
-6 6 -6 6 7 6 7 8 -8
-8 7 7 -7 7 -8 7
6 6 -6 6 7 -7 -6 6 8 -8
-8 7 7 -7 -6 -7 7

#TITLE "Du, Du liegst mir im Herzen"
5 5 5 -4 5 6 -5
-4 -4 -4 6 -5 6
5 5 5 -4 5 6 -5
-4 5 -5 -6 6 -3 4
-6 6 -7 7
-4 5 -5 -6 6 -5 5
[4 -4 5]
-6 6 -7 7
-4 5 -5 -6 6 -3 4

#TITLE "Ein Heller und ein Batzen"
4 4 6 5 4 -3 6 6
6 6 -6 6 -5 5 -6 6
5 -5 -6 7 7 7 6
7 -7 -6 6 -5 5 -6 6
5 -5 6 7 7 7 6
7 -7 -6 6 -5 5
6 -6 6 5 5 5
7 -8 7 -6 -6 -6
7 -7 6 8 -8 7

#TITLE "Es war im Böhmerwald"
3 4 -4 5 4 3
4 5 -6 6 -5 -3
3 -3 -4 6 6 6
-5 5 -4 5 -4 4
3 4 -4 5 4 3
4 5 -6 6 -5 -3
3 -3 -4 6 6 6
6 -5 -3 4
5 -4 4 -3 -6 -6
-6 6 -5 5 6 6
7 -7 -5 -7 -7 -6 6 5
5 -4 4 -3 -6 -6
-6 6 -5 5 6 6
7 -7 6 -6 -7 6

#TITLE "Freude schöner Götterfunken"
5 5 -5 6 6 -5 5 -4
4 4 -4 5 5 -4 -4
5 5 -5 6 6 -5 5 -4
4 4 -4 5 -4 4 4
-4 -4 5 4 -4 5 -5 5 4
-4 5 -5 5 -4 4 -4 3
5 5 -5 6 6 -5 5 -4
4 4 -4 5 -4 4 4

#TITLE "Freut Euch des Lebens"
5 -5 5 -5 6 7
4 -4 4 -4 5 -5 5 -4
5 -5 5 -5 6 7
5 -4 4 -4 4
6 6 -5 -4 5 -5 6 5 4
6 6 -5 -4 5 -5 6 5 4
4 -6 -6 7 -7 -6 6 6 7
6 6 -6 6 6 -5 5 5 -4

#TITLE "Geh aus mein Herz und suche Freud"
6 6 -5 5 5 5 -5 5 -4 4
6 7 -7 -6 6 5 -4 5 -5 6 5
5 -4 6 -7 -6 5 -6 -6 6
3 -5 5 -4 -4 6 -6 6 -5 5
3 -5 5 -4 -4 6 -6 6 -5 5
5 -5 6 5 -5 6 5 -5 6 5
6 7 -6 6 -5 5 -4 -4 4

#TITLE "Hoch auf dem gelben Wagen"
3 4 -4 5 6 5 -4 4
3 4 -4 5 -4 4
3 4 -4 5 6 6 5 -4 4
-4 -4 -4 4 -3 4 -4
3 3 3 -4 -4 5 4 3
-4 -4 -4 6 -4 5
4 -3“ -3“ -3“ -4 4 -3 3 4 -4 5
6 -5 6 -6 6 -5 5

#TITLE "Hohe Tannen"
4 5 6 5
5 6 5 5 -4 -4
4 5 6 6 6 6 -6 6 5
4 4 -6 -6 -6 -7 7 -6 -6 6 6
5 6 6 -6 6 -5 6 -5 5

#TITLE "Horch, was kommt von draußen rein"
4 -4 5 -5 6 -6 6
-5 -4 -7 6 5 7
4 -4 5 -5 6 -6 6
-5 -4 -7 -8 7
-6 -6 7 -7 -6 6 5 6
-5 -4 -7 6 5 7
-6 -6 7 -7 -6 6 5 6
-5 -4 -7 -8 7

#TITLE "Im Frühtau zu Berge"
3 4 5 3 4 5
4 -4 -4-4-4
5 -5 -5 -5 6 -5 5
-4 5 4 4 4
4 -5 -5 -5 -5 -6 -5
-5 5 5 4 6 5 4
4 3 -3 -4 -5 -4
-3 4 4 4

#TITLE "In München steht ein Hofbräuhaus"
6 -6 6 5 4 -3 -6 6
-3 -6 6 -3 4 -6 6
6 -6 6 5 4 -3 -6 6
6 6 6 -5 5 -4 4
6 -6 6 5 4 -3 -6 6
-3 -6 6 -3 4 -6 6
6 -6 6 5 4 -3 -6 6
6 6 6 -5 5 -4 4
3 4 4 5 5 6 6 5
6 6 -5 -4
3 -3 -3 -4 -4 -5 -5 -4
6 6 5 4
3 4 4 5 5 6 6 5
6 6 -5 -4
-4 -5 -6 7 -7 -6 6 5 4
-6 6 -5 -4 -6 6 5 4
-5 -6 7 -7 -6 6 5 4
7 -7 -6 6 -5 5 -4 4

#TITLE "Kein schöner Land"
3 3 3 4 5 -4 4 -4
3 3 3 4 5 -4 4 -4
5 4 -4 5 6 -5
5 -4 4 -4 -5 5
-4 4 -4 5
5 4 -4 5 6 -5
5 -4 4 -4 -5 5
-4 4 -3 4

#TITLE "Kommt ein Vogel geflogen"
5 -5 6 5 5 5 -4
-4 5 -5 -4 -4 -6 6
5 -5 6 5 5 5 -4
-4 5 -5 -3 -3 4

#TITLE "Lebt denn der alte Holzmichl noch?"
4 4 -3 4 -4 5 5 -4 4
4 4 -3 4 -4 5 5 -4 4
4 4 -3 4 -4 5 5 -4 4
-4 5 -4 4
5 -4 4 4
4 -4 -4
-4 5 4
5 -4 4 4
4 -4 5 -4 4

#TITLE "Lustig ist das Zigeunerleben"
6 6 6 -6 6 5 5 5 -4 5
-5 -5 -5 6 6 6 5
6 6 6 -6 6 5 5 5 -4 5
-5 -5 -5 6 6 6 5
7 7 7 -7 -6 -6 6 6
-6 -6 -6 -6 6 -5 -5 5 5
6 6 6 6 -6 -7 7 7 7
7 -7 7 -8 -8 -8 -7 -6 -7 7

#TITLE "Muss i denn"
4 -4 5 5 6 -5
-5 -6 6 -6 6 -5 5
6 -6 6 -5 5
5 6 -5 -5 -4 6 5
4 5 -4 5 -5 -4 5 -5 6
6 6 -6 -6 7 -7 -6 6
4 5 6 6 -6 6
6 7 6 -6 6 -5 5
6 -6 6 -5 5
5 6 -5 -5 -4 6 4

#TITLE "Nehmt Abschied Brüder"
4 -5 -5 -5 -6 6 -5 6
-6 -5 -5 -6 7 -8
-8 7 -6 -6 -5 6 -5 6
-6 -5 -4 -4 4 -5
-8 7 -6 -6 -5 6 -5 6
-8 7 -6 -6 7 -8
-9 7 -6 -6 -5 6 -5 6
-6 -5 -4 -4 4 -5

#TITLE "Sah ein Knab ein Röslein stehn"
5 5 6 -5 5 -4 -4 -4
5 5 -5 6 -6 -6 6
6 -5 5 5 5 -4 4
4 4 4 -4 5 -5 5 -4
5 5 6 -5 5 5 -4
5 6 -6 -6 6 -6 -7
7 -6 6 5 -4 5 -4 5

#TITLE "Schneewalzer"
4 -4 5 6 5 6 5
-4 5 -5 6 -5 6 -5
6 -6 -7 -9 -7 -9 -7
-6 6 7 8 7 -6 6
4 -4 5 6 5 6 5
-4 5 -5 6 -5 6 -5
6 -6 -7 -9 -7 -9 -7
-6 6 5 6 8 -8 7
6 7 -7 -8 7 -6 7 -6 7 -6
6 -6 -7 -6 -5 5 -5 -6 6 5
6 7 -7 -8 7 -6 7 -6 7 -6
6 -6 -7 -6 6 -7 -6 6 5 6 7
-7 6

#TITLE "Steigerlied"
4 -3 -4 4
5 -4 -5 5
4 -4 5 5 5 -4 5 -5 -4 -4 -4
-4 5 -5 -6 -6 6 -5 6 5 5 5
-4 4 -4 5 -6 6
-5 5 -4 4

#TITLE "Von den blauen Bergen kommen wir"
6 6 7 7 -6 6 5 6 7
7 -8 8 8 9 9 9 8 -8
9 9 8 8 8 8 -8 7
7 7 -6 -6 -6 -6 -8 7
-7 -6 6 6 8 -8 -6 -7 7

#TITLE "Wildschütz Jennerwein"
6 6 -5 5 6 6 6 7 5 6 -4 -5
-5 -5 5 -4 -4 -4 -6 6 -5 5
6 6 -5 5 6 7 5 6 -4 -5
-5 -5 5 -4 -4 -4 -6 6 -5 5

#TITLE "Wo die Weser einen großen Bogen macht"
6 5 6 5 6 5 6 7 7 -7 -7
-7 -6 -6 6 -7 -6 -5 -6 -6 6 5
5 6 7 -8 8 7 -8 7 -7 -8 7
6 5 6 5 6 5 6 7 7 -7 -7
-7 -6 -6 6 -7 -6 -5 -6 -6 6 5
5 6 7 -8 8 7 -8 7 -7 -8 7
7 8 7 -7 -6 -6
-6 7 -6 -6 6 6
6 -6 6 6 -5
-6 6 -7 7

#TITLE "Aber Dich gibt’s nur einmal für mich"
3 4 -4 5 -4 4 -3 -4
3 3 -4 -4 5 -5 5 -4 4 5
4 4 -5 -5 6 -6 6 -5 5
3 3 -4 -4 5 -5 5 -4 4
3 4 -4 5 -4 4 -3 -4
3 3 -4 -4 5 -5 5 -4 4 5
4 4 -5 -5 6 -6 6 -5 5
3 3 -4 -4 5 -5 5 -4 4
6 -6 6 7 7
7 7 7 7 7 7 -7 -6 -5
7 7 7 -7 -6 -5
-7 -7 -7 -6 6 5
6 -6 6 7 7
7 7 7 7 7 7 -7 -6 -5
7 7 7 7 -7 -6 -6
-7 7 -8

#TITLE "Alt wie ein Baum"
4 4 5 6 -6 -6 -7 7 -7
-6 6 6 6 -6 6 -5 5 -4
4 4 5 6 -6 -6 -7 -5 6 -6 4 -4 5 -5 6
-6 6 -5 5 -4 -4 4 -3 4
-5 -5 -5 -5 6 6
-5 -5 -5 -5 6
-5 -5 -5 -5 6 6
-6 -7 7
6 -6 6 -5 5 -4 4 -3 4

#TITLE "An der Nordseeküste"
7 -8 7 -6 6 8 8 -8 8 -9
8 -9 9 8 9 -9 -8 -7 6 8 -8 7
7 7 -8 7 -6 6 8 8 -8 8 -9
8 -9 9 8 9 -9 -8 -7 6 8 -8 7
-7 7 -8 -8 -7 6
8 8 -8 8 -9
8 -9 9 8 7 -7 -6
-6 6 8 -8 7

#TITLE "Ein schöner Tag"
3 -3 4 5 -4 4 5
5 -4 4 3 3
3 4 4 5 -4 4 5
-4 5 6 6
5 -5 6 5 -4 4 5
5 -4 4 3 3
3 -3 4 5 5 -4 4
3 -3 4 5 -4 4 5
5 -4 4 3 3
3 4 4 5 -4 4 5
-4 5 6 6
5 -5 6 5 -4 4 5
5 -4 4 3 3
3 -3 4 5 5 -4 4

#TITLE "Für mich soll’s rote Rosen regnen"
6 -5 -5 5 5 -4 6 5 -6
6 -6 -6 6 -6 -6
6 -6 -6 6 -6 -6
6 -5 -5 5 5 -4 6 5 -6
-6 7 7 -6 -5 -4
5 6 -6 -7 7 8 -8 8 -8
-7 -7 -7 7 7 7 -6 -6 -6 -7 -7
5 6 -6 -7 7 8 -8 8 -8
9 -9 8 8 -8 7 -7 7 -8 -8 7

#TITLE "Marmor, Stein und Eisen bricht"
4 4 4 -3 4 5 4 4
4 -4 -5 5
4 4 4 -3 4 5 4 4
4 -4 -5 5
7 7 7 7 -7 -6 -6
-7 -7 -7 -6 -7 7 6 -6 6
7 7 7 7 -7 -6 -6
-7 -7 -6 -7 7

#TITLE "Tränen lügen nicht"
3 4 -4 5
-4 5 -5 -3 4
3 4 5 6
-6 -7 -6 5 -4 5 -4
-6 6 -6 6 -5
-7 7 -8 -7 6
5 -4 4 6
-4 5 -5 -3 4

#TITLE "Über sieben Brücken musst Du geh’n"
5 6 -6 6 6 -4 5 4 -4 5 5
5 6 -6 6 6 5 5 -4 -4 -4 -4
-4 -4 -5 -5 -5 -5 5 4 -3“
4 4 -4 -4 -4 -4 -4 -4 5 -4 -4
5 6 -6 6 6 -4 5 4 5
5 6 -6 6 6 5 5 -4 -4
-4 -4 -5 -5 -5 -5 5 4 -3“
-5 -5 -5 6 5 5 -4 -4 4
4 4 -4 -4 5 5 5 4 -4
-4 -4 5 6 -6 6 5 4 -4
-4 -4 -4 -4 5 5 5 4 -3“
-4 5 -5 -5 -5 6 5 -4 4

#TITLE "Wir zwei fahren irgendwo hin"
3 4 -4 5 6 5 -4 4
-6 6
4 -5 6 -6 -5 -6 7 6
-6 6
6 -7 -7 -6 6 -7 -7 -6
6 7 7 -7 -6 6
3 4 -4 5 6 5 -4 4
5 -4 4 -3
-5 5 -4 4
4 5 6 7 -6 6 -6 6 -5 5
5 -4 4 -3
-5 5 -4 4
-6 -7 7 -7
6 -5 -6 6 -5 -4 -3 3

#TITLE "Zwei kleine Italiener"
3 4 3 4 5 -6 6
5 -6 6 5 6 -5 -5
3 -3 3 -3 -4 6 -5
-4 6 -5 -4 -5 5 5
3 4 3 4 5 -6 6
5 -6 6 5 -6
7 7 -7 -7 -6 -6 6 6
-6 -6 6 6 -5 -5 5
7 7 -7 -7 -6 -6 6 6
-6 -6 6 -4 -5 5 4
4 -7 -7 -6 -7 7 -7
-7 -6 7 -7 -6 6 5 -4
-4 -7 -7 -6 -7 7 -7
-7 -6 7 -7 -6 6

#TITLE "Caprifischer"
5 6 7 7 7 7 7 -7-7 -7 -7 6 -6
5 -5 6 6 6 5 -5 6 6 6 5 -5 6
-5 6 7 7 7 7 -6 -7 -7 -7 -7 6 -6
-4 -5 -7-7 -7 -7 6 -6 -6 -6 -6 6 5
5 6 8 8 8 8 8 -8 -8 -8 -8 -8 7
5 6 7 7 7 7 7 -8 -8 -8 -8 8 -8
-8 8 -9 -9 8 -8 -9-9 8 -8 6
-6 7 -7 6 -8 7
6 -6 -7 7 -8 -8 7 -7
-7 7 -8 7 -7 -6 6 6 -5 5
6 -6 -7 7 -8 -8 7 -7
-6 6 -8 7

#TITLE "Die Gitarre und das Meer"
3 4 5 6 -5 5 -5 -4
-4 5 -5 -5 5 -4 5
3 4 5 6 -5 5 -5 -4
-4 5 -5 -5 5 -4 4
3 4 5 6 -5 5 -5 -4
-4 5 -5 -5 5 -4 5
3 4 5 6 -5 5 -5 -4
-4 5 -5 -5 5 -4 4
6 6 7 7 -7 -6 -7 -5
6 6 -7 -7 -6 -6 6
3 3 5 6 -5 5 -5 -4
3 3 -3 -3 -4 -4 4

#TITLE "Ein Hering und eine Makrele"
3 4 -4 5 5 -4 4 -3 -4
-4 -4 -4 5 -5 5 -4 4 5
5 -5 -5 6 -6 6 -5 6 5
5 -4 -4 5 6 -5 5 -4 4

#TITLE "Hamburger Veermaster"
6 4 5 5 6 7 7 -6 6 6 5
4 -4 5 -4 4 -4 5 -4
6 4 5 5 6 7 7 -6 6 6 5
4 -4 5 -4 5 -4 4
4 5 6 7 -7 -6 -7 7 -6 6
7 7 -6 -6 -6 -6
-6 -6 6 5
4 -4 5 6 6 5 -4 4

#TITLE "I am Sailing"
5 -4 4 4
5 6 -6 -6
-6 6 6 -5
-5 -5 5 5
-5 5 5 -4
5 -4 4 4
3 4 5 -4
-4 -4 4 4

#TITLE "La Paloma"
6 6 5 -5 6
-6 -7 7 -6 -7 6 -5
6 -8 8 7 -8 -6
6 -6 -5 5 -4 4
7 7 7 7 -7
-8 -8 7 -7 -6 -6 6
-7 -7 -7 -7
-6 -6 6 6 6 -6 6 -5 5
666-6-56
5555-56-8
-98-887-8-778-8
-45-5-667

#TITLE "My Bonnie lives over the ocean"
6 8 -8 7 -8 7 -6 6 5
6 8 -8 7 7 -7 7 -8
6 8 -8 7 -8 7 -6 6 5
6 -6 -8 7 -7 -6 -7 7
6 7 -6 -8
7 -7 -7 -7 -7 -6 -7 7 -8 8
6 7 -6 -8
7 -7 -7 -7 -7 -6 -7 7

#TITLE "Seemann laß das Träumen"
5 5 -4 5 -5 -5 4 -5" 5 (-4)
6 5 4 4 -5 -6
6 5 4 5 -4
6 5 4 4 -5 -6
6 5 3 -4 4
7 7 7 7 7 7 7
-6 -5 4 -5 -6 7-6 6
5 -5 6 -5 5 6 -5
-5 6 -6 6 -5 -6 6
7 7 7 7 7 7 7
-6 -5 4 -5 -6 7-6 6
5 -5 6 -5 5 6 -5
6 -6 -3 4

#TITLE "Wir lagen vor Madagaskar"
3 4 4 4 4 -4 5 4
3 -4 -4 -4 5 -4 4
6 6 5 5 5 5 5 -5 6 5
3 -4 -4 -4 5 5 5 -4 4
6 5 5 -5 6 5 3 -4 5 4
6 5 5 -5 6 5 3 -4 5 4
4 4 4 -5 -5 -5 -5 4 -4 5 -4 4
4 -4 5 -4 4 5 -4 4 -4
3 3 4 4 4 4 -4 5 5 -4 4
3 3 -4 -4 -4 -4 5 5 5 -4 4

#TITLE "Alle meine Entchen"
4 -4 5 -5 6 6
-6 -6 -6 -6 6
-6 -6 -6 -6 6
-5 -5 -5 -5 5 5
-4 -4 -4 -4 4

#TITLE "Biene Maja"
3 4 5 -6 6 5 4 -4
3 -3 -4 -5 5 -4 -6 6
3 4 5 -6 6 5 4 -4
-4 -4 5 -4 4 -3 -4 4
6 -6 -7 7 -7 -7 -6 -6 6 6 5 -4 -6
-7 -6 -6 6 6 -5 -5 -4 4 7
8 7 7 6 6 5 -5
-8 -7 -7 6 6 -5 5
6 -6 -7 7 -7 -7 -6 -6 6 6 5 -4 -6
-7 -6 -6 6 6 -5 -5 -4 4 7
8 7 7 6 6 5 -6 7
7 6 7 6 8 7 6 -7 -6 -5 -4 4

#TITLE "Bruder Jakob"
4 -4 5 4
4 -4 5 4
5 -5 6
5 -5 6
6 -6 6 -5 5 4
6 -6 6 -5 5 4
4 3 4
4 3 4

#TITLE "Der Mond ist aufgegangen"
4 -4 4 -5 5 -4 4
5 5 5 -6 6 -5 5
5 5 5 -5 5 -4
4 -4 4 -5 5 -4 4
5 5 5 -6 6 -5 5
5 5 5 -5 5 -4 -4 4

#TITLE "Eine Insel mit zwei Bergen"
5 -4 4 -2 -2 -2 -2 -2
-4 4 -3 -2 -2 -2 -2
-4 4 -3 -2 -2 -2 -2 -2
-3“ -3 4 -3 4 -4 5
5 -4 4 -2 -2 -2 -2 -2
-4 4 -3 -2 -2 -2 -2
-4 4 -3 -2 -2 -2 -2 -2
-3“ -3 4 4 4 4 4
-5 5 -4 -3“ -5 5 -4 -3“
5 -4 4 -2 5 -4 4 -2
-4 4 -3 -3“ -2 -3“ -3 4 -4 -3 4 -3 4 -4 5
-5 5 -4 -3“ -5 5 -4 -3“
5 -4 4 -2 5 -4 4 -2
-4 4 -3 -3“ -2 -3“ -3 4 -4 -3 4 4 4 4 4

#TITLE "Fuchs du hast die Gans gestohlen"
4 -4 5 -5 6 6 6 6
-6 -5 7 -6 6
-6 -5 7 -6 6
6 -5 -5 -5 -5 5 5 5
5 -4 5 -4 4 5 6
6 -5 -5 -5 -5 5 5 5
5 -4 5 -4 4

#TITLE "Guten Abend, Gute Nacht"
5 5 6 5 5 6
5 6 7 -7 -6 -6 6
-4 5 -5 -4 -4 5 -5
-4 -5 -7 -6 6 -7 7
4 4 7 -6 -5 6
5 4 -5 6 -6 6
4 4 7 -6 -5 6
5 4 -5 6 -5 6 -4 4

#TITLE "Hänschen Klein"
6 5 5
-5 -4 -4
4 -4 5 -5 6 6 6
6 5 5
-5 -4 -4
4 5 6 6 4
-4 -4 -4 -4 5 -5 6
-4 -4 -4 -4 5 -5 6
6 5 5
-5 -4 -4
4 5 6 6 4

#TITLE "Hänsel und Gretel"
6 5 -5 6 5
4 -4 -4 -4 5 4
6 5 -5 6 5
4 -4 -4 -4 5 4
4 -4 -4 -4 5 -5 -4
-4 5 5 5 -6 6
6 5 -5 6 5
4 -4 -4 -4 5 4

#TITLE "Kum ba yah"
4 5 6 6 6 -6 -6 6
4 5 6 6 6 -5 5 -4
4 5 6 6 6 -6 -6 6
-5 5 4 -4 -4 4

#TITLE "La Le Lu"
4 5 6
6 -5 5 -4 4 5 -5
-5 5 -4 4 3 6 6 -5
5 -4 5 4

#TITLE "Michel aus Lönneberga"
6 5 4 -4 5 -5 -5 -5
-4 -3 -3 4 -4 5
6 5 4 -4 5 -5 6 -6
-6 6 6 -4 -4 4

#TITLE "Pippi Langstrumpf"
4 4 6 5 -5 5 -4 4 -3 -4 4 5 3
4 4 6 5 -5 5 -4 4 -3 -4 4
3 4 5 4 -4
-5 5 -4 4 -3 -4 3 -3 4
3 4 5 4 -4
-5 5 -4 4 -3 -4 3 -3 4
5 -5 6 -6
7 -7 -6 6 -5 6
-7 -6 6 -5 5 -5
-6 6 -5 5 -4 5 -5 6
5 -5 6 -6
7 -7 -6 6 -5 6
-7 -6 6 -5 5 -5
-6 6 -5 5 -4 5 -4 4
5 5 5 -5 -5
-5 5 -4 -4 -4 -4 -4 4 -3 4 -4
5 5 5 -5 -5
5 -4 -4 4 -3 4

#TITLE "Pumuckl"
5 6 5 6
5 6 -5 -5 -4 -6 6 6
5 6 5 6
5 6 -5 -5 -4 4
-6 -7 7 -6 -6 6 6 -4
5 -5 -4 5 -5 6
-6 -7 7 -6 -6 6 6
-4 -4 5 -5 6 6 6

#TITLE "Amazing Grace"
-4 6 -7 6 -7 -6 -6" 6 5 -4
-4 6 -7 6 -7 -6 -7 -8
-7 -8 -8 -7 -6 6 -7 6 5 -4
-4 5 -6 5 -6 -5 5

#TITLE "Blueberry Hill"
4 5 6 7 -6 -5 4 -6 6
5 4 3 -5 -4 -4 4 -4 5
4 5
5 4 3 -5 -4 -4 4
6 -4 5 -5 6 6 6
6
6 6 6 -6 -7 -7 -7
-7 -5 6 -6 -7
4
-6 -5 4 -6 6
5 4 3 -5 -4
-4 -4 4 -3 4
6 7 -6 -5 4 -6 6
-3 4
-4 5 -5 6
5 6 7 -6

#TITLE "Knucklehead"
-1 2 -2 -2 -2 -3´ -2 2 -2 -3
-1 2 -2 -2 -2 -3´ -3" -2 2 -2 2
-2 -2 -3 -2
-2 4 -2
-2 -4´ -2
-2 -4 -2
-2 -2 -4 -2 -4´ -2 4
-2 -3 -3" -2 -1 2 -2 2 -2
-2 -3' -3 5 6
-2 -3 -3' 5 6 5
-2 -3' -3 5 6
-2 -3 -3' 5 6 5
-2 -3'' -3 5 -4
-2 -3 -3'' 5 6 6 5 6 6 5 -4 5
-2 -2'' 2
-2 -2'' 2
-2 -3 -3 -2 -2'' 2
-2 -2'' 2
-2 -2'' 2
-2 -3 -3'' -2 -2'' 2
-2 -2'' 2
-2 -2'' 2
-2 -3 -3 -2 -2'' 2
-2 -2'' 2
-2 -2'' 2
-2 -3 -3'' -2 -2'' 2
-3 -4
-1 -1 2 -2 2 -2 -2'' 2

#TITLE "St. James Infirmary"
-4 -5 -6 -6"
6 -6 -5 -4
-4 -5 -6 -6"
-8 7 6 -6
-4 -5 -6 -6"
6 -6 -5 -4
-4 -5
-4 -5 6 -6"
-6 -5 -4

#TITLE "Wild Cat Blues"
6 5 -4
-3 => -3''
-3 => -3''
-3 => -3''
3 2 -1
-1 2 3 -3 -4 -3 -4
4 -3'' -2' -2" 2 -1
-1 2 3 -4 -3" => -3 -4 -3" => -3 -2
-3 4 -4 5 -3 -4 -4 -4' 4
-3 4 -4 5 -3 -4 -4 -4' 4
-3 4 -4 5 -3 -4 -4 -4' 4
-3 4 -4 5 -3 -4 -4 -4' 4
-4 -3 -4
5 4 5
-4 -4 4 -3 -3'' 3
3 2 -3''
3 2 -3''
3 2 -3''
3 4 4 -3 -3''
3 2 -3''
3 2 -3''
(-3 4 -3 -3'' -2 -3'' -2 -2'' 2)
3 2 -3''
3 2 -3''
3 2 -3''
3 4 4 -3 -3''
-3'' -3 -4' -3'' -4 5 -5
5 5 6 5 -4 4
-3' -3'' -3' -3 4
-4 5 -4 5 -5 5
-1 2 2 -2'' 2 -3'' -3 5
-3' -3'' -3' -3 4
-4 5 -4 5 -5 5
-3'' -3 -4' -3'' -4 5 -5
5 5 6 5 -4 4

#TITLE "All my loving"
-5 5 -4 5 -5 6 -6
-7 7 7 -7 -6 5
-6 -6 -6 6 -5 5 4 -4
-5 5 -4 5 -5 6
-6 -7 7 7 -7 -6 5
-6 -6 -6 -6 6 -5 5 -4 4
7 -7 -6 5 5 -4 4 -4 5
7 -7 -6 5 5 -4 4 -4 4

#TITLE "Are you lonesome tonight?"
5 6 7 -7 7 -7
5 6 -7 -6 -7 -6
5 6 -6 6 -6 6 -5 5 -6
-5 -6 7 -7 7 -7
-5 6 -7 -6 -7 6
-4 5 -5 6
-6 7 -7 6 5
6 -6 -7 -6 6 7 -6
7 6 -5 5 -5
-6 -7 7 -7 -6 -8 -7
-8 -6 6 -5 6
5 6 7 -7 7 -7
7 7 8 -8 8 -8
6 -6 7 -7 -6 -7 7 -8 7

#TITLE "Banks of Ohio"
4 4 5 5 4 4 -4 -4
-4 -4 5 -5 6 6 6 -5 5
5 6 6 5 5 -5 6 -5
6 6 -5 5 -4 5 -4 -4 4

#TITLE "Blowin’ in the wind"
6 6 6 -6 6 -5 6 5 -4 4
5 6 6 -6 6 -5 6
5 -5 6 6 6 -6
6 -5 6 5 -4 4
5 6 5 -5 -5 5 -4
5 -5 6 6 6 -6
6 -5 6 6 5 -4 4
5 6 6 -6 6 -5 6
5 -5 -5 5 -4
-4 5 5 5 -4 4
5 -5 -5 5 -4 -4 4 -4 4

#TITLE "Country Roads"
4 4 -4 4
-4 4 -4 -5
6 6 -6 6
-4 -4 -4 4 -4 -5 -5
4 4 -4 4
-4 -5 -5 6 -6
6 6 6 6 -6 6
-4 -5 -5 6 -5
-5 6 -6
-6 -5 6
-6 6 -5
-6 7 -8
-8 7 7 -6
-6 -5 6 -6
-6 6 -5
-4 6 -5

#TITLE "Danny Boy"
-3 4 -4 5 -4 5
-6 6 5 -4 4 4
4 5 -5 6
-6 6 5 4 5 -4
-3 4 -4 5
-4 5 -6 6 5 -4 4 4
-3 4 -4 5 -5 5
-4 4 -4 4
6 -6 -7 7 -7
-7 -6 6 -6 6 5 4
6 -6 -7 7 -7 -7
-6 6 5 -4
6 6 6 8
-8 -8 7 -6 7 6 5 4
-3 4 -4 5
-6 6 5 -4 4 -3 -4 4

#TITLE "Dirty Old Town"
3 4 -4 5
4 -4 5 4 3
5 6 -6
6 5 -4 4 5
6 -6 6 5
4 -4 5 4 3
3 4 5 -4
-4 4 -3 4

#TITLE "Ghostriders in the Sky"
5 -6 -6 -6 -7 7 7 7
-6 6 6 6 5 6
5 -6 -6 -6 -7 7 7
-8 8 8 8 7 8
8 8 -10 -10 -10 -10 8
8 8 8 8 8 7 -6
5 -5 -5 -5 7 7 7
7 7 7 -6 -6 6 -6
8 8 8 9
-10 -10 -10 -10 8 -8 7
-5 -5 -5 7 7 -6
2. Position:
2 -3'' -3'' -3'' -3 4 4 4
-3'' -2 -2 -2 2 -2
2 -3'' -3'' -3'' -3 4 4
-4 5 5 5 4 5
5 5 -6 -6 -6 -6 5
5 5 5 5 5 4 -3''
2 -2'' -2'' -2'' 4 4 4
4 4 4 -3'' -3'' -2 -3''
-6 -6 -6 -6 5 -4 4
-2'' -2'' -2'' 4 4 -3''

#TITLE "Hey Jude"
6 5 5 6 -6 -4
-4 5 -5 7 7 -7 6 -6 6 -5 5
6 -6 -6 -6 -8 7 -7 7 -6 6
4 -4 5 -6 6 6 -5 5 -3 4
6 5 5 6 -6 -4
-4 5 -5 7 7 -7 6 -6 6 -5 5
6 -6 -6 -6 -8 7 -7 7 -6 6
4 -4 5 -6 6 6 -5 5 -3 4
4 7 -6 -6 6 6 -5 -6
7 -6 7 -5
7 -6 6 -5 6 -6 6 -5 5 -4 4
4 7 -6 -6 6 6 -5 -6
7 -6 7 -5
7 -6 6 -5 6 -6 6 -5 5 -4 4
4 -5 6 -6 -6 -7 7 -8 -8

#TITLE "Killing me softly"
5 -5 6 -6 6 -4 6
-6 6 -5 5 -5 4
5 -5 6 -6 6 -6 -7
-7 7 -7 -6 6 -6
7 -6 -5 5 -4 5 -5
6 6 6 6 6 -6-7
7 7 7 7 5 6 6 -5
-7 -7 -7 -7 6 -4 5
5 5 5 5 -6 7 -7 -6
-8 -8 -8 7 -7 6 -7 -6
-6 -6 -6 -6 6 4 6 -5
-5 -5 -5 5 -4 -4 -4 5

#TITLE "Let it be"
6 6 6 6 -6 5 6 6 7 -8
8 8 8 -8 -8 7 7
8 8 -9 8 8 -8 8 -8 -8 7
6 6 6 -6 7 6 6 7 -8
-8 8 8 -8 -8 7 7
8 8 -9 8 8 -8 8 -8 -8 7
8 -8 7 8 9 -10
-10 9 9 9 8 8
8 8 -9 8 8 -8 8 -8 -8 7
Version Igor Flach:
-2 -2 -2 -2 -3" -2 -2
5 6 6 -6 -6 6 6 5 5 -4 -4 4 4
5 5 -5 5 5 -4 5 3 -3"
4 4 -4' 5 6 5 -4' 4
-2 -2 -2 -2 -3" -2 -2
5 6 10
-8 -8 -6 -6 6 6
5 5 -5 5 5 -4 5 3 -3"
4 4 -4' 5 -4' 4
5 -4 4
5 6 6
-6 6 6 6
-6 6 6 6
-6 6 6 6 5 5
5 5 -5 5 5 -4 5 3 -3"
4 4 -4' 5 6 5 -4' 4
-2 -2 -2 -3" -2 -2
5 6 7
-8 -8 8 8 -8 -8
7 7 -6 -6 6 6
5 5 -5 5 5 -4 5 3 -3"
4 4 -4' 5 -4' 4
-2 -2 -2
-3" -3" -3"
4 4 4
5 5 5
6 6 6
7 7 7
-8 -8 8 8 -8 -8
7 7 -6 -6 6 6
5 5 -5 5 5 -4 5 3 -3"
4 4 -4' 5 -4' 4
5 -4 4
5 6 6
-6 6 6 6
-6 6 6 6
-6 6 6 6 5 5
5 5 -5 5 5 -4 5 3 -3"
4 4 -4' 5 6 5 -4' 4
5 -4 4
5 6 6
-6 6 7
-6 6 -6 6 5
5 5 -5 5 5 -4 5 3 -3"
4 4 -4' 5 -4' 4
7 -6 6 5
-4' 4 -4' 4 4

#TITLE "Lion sleeps tonight"
4 -4 5 -4
5 -5 5 -4 4
4 5 -4 4 5 -4
6 5 -4 5
6 -5 5 -4 4
-4 5 -4 4 5 -4
6 -5 6 -5 5 3 3 3 3
6 -5 6 -5 5 3 3 3 3

#TITLE "Maybe"
6 6 6 6 6 -5
-5 5 -4 -4 6 -5 -5 5 5
-5 -5 6 6 6 5 4
4 -4 5 -5 (5)
-6 6 6 -5 -5 -5 6 6 6 -4 5
5 -4 4
-5 -5 5 5 -4 (4 -4)
-4 5 -4 5 -5 -5 6 -5 5 -4 5 -4
-4 5 -4 5 -5 -5 -5 5 -4
5 6 -6 -6 -6 -6 6 6 6 6
-5 6 5 -4 5 -4 4 4
-5

#TITLE "Moon River"
6 -8 7 -7 -6 6 -5 6
-2 -4 4 -3 -3” -2 -2” -2
4 -7 -6 6 -5 6 4 -4
1 -3 -3” -2 -2” -2 1 -1
5 4 6 5
2 1 -2 2
-4 4 6 5
-1 1 -2 2
-4 4 5 6 7 -7
-1 1 2 -2 4 -3
-6 -7 -6 6 -6
-3” -3 -3” -2 -3”
6 -8 7 -7 -6 6 -5 6
-2 -4 4 -3 -3” -2 -2” -2
4 -7 -6 6 -5 6 4 -4
1 -3 -3” -2 -2” -2 1 -1
5 4 5 6 7 -8 7 6
2 1 2 -2 4 -4 4 -2
-7 -6 6 -5 6
-3 -3” -2 -2” -2
4 -7 -6 6 -5 6
1 -3 -3” -2 -2” -2
4 -5 -4 5 4
1 -2” -1 2 1

#TITLE "Morning has broken"
4 5 6 7 -8
-7 -6 6 -6 -7 -6 6
4 -4 5 6 -6
6 5 4 -4
6 5 6 7 -6
6 5 -4 4 -4
5 -4 5 6 -6
-4 5 -4 4

#TITLE "Mull of Kintyre"
6 -6 7 8
8 8 -8 7 -8 7 -6 6
-6 7 8 8 8 -8 7 -8 7
-6 6 -6 -8 7
6 7 -6 6 5 6 7 8 -8 7
-6 7 -7 -6 6 -5 6 7 -6 6
6 7 -6 6 5 6 7 8 -8 7
-8 8 -9 8 -8 7 -6 6 6 -6 -8 7

#TITLE "Oh my Darling"
4 4 4 3 5 5 5 4
4 5 6 6 -5 5 -4
-4 5 -5 -5 6 -5 5 4
4 5 -4 3 -3 -4 4
4 4 4 3 5 5 5 4
4 5 6 6 -5 5 -4
-4 5 -5 -5 6 -5 5 4
4 5 -4 3 -3 -4 4

#TITLE "Oh Susanna"
4 -4 5 6 6 -6 6 5
4 -4 5 5 -4 4 -4
4 -4 5 6 6 -6 6 5
4 -4 5 5 -4 -4 4
4 -4 5 6 6 -6 6 5 4
-4 5 5 -4 4 -4
4 -4 5 6 6 -6 6 5 4
-4 5 5 -4 -4 4
-5 -5 -6 -6 -6 6 6 5 4 -4
4 -4 5 6 6 -6 6 5
4 -4 5 5 -4 -4 4

#TITLE "Oh when the saints go marching in"
4 5 -5 6 4 5 -5 6
4 5 -5 6 5 4 5 -4
5 5 -4 4 4 5 6 6 -5
4 5 -5 6 5 4 -4 4

#TITLE "Puff the magic dragon"
7 7 7 7 -7 6
-6 7 7 6
6 -5 -5 6 -5 5 6 7
7 7 7 -6 -7 7 -8
7 7 7 7 -7 6
-6 -6 7 7 6
6 -5 -5
7 -6 7 -7 -8 7
-7 7 7 7 7 -7 6
-6 7 7 6
6 -5 -5 6 -5 5 6 7
7 7 7 -6 -7 7 -8
7 7 7 7 -7 6
6 -5 -5 6 -5 5 6 7
7 7 -6 7
6 -5 5 6 7
-6 7 7 6
-7 -8 7

#TITLE "San Francisco"
4 4 -6 -6 -6 6 6 5 -4
4 4 4 -6 -6 6 -6 6 5 -4
4 -4 4 6 5 -4 4 4 -3” 3
4 4 -4 5 -6 6 -6 6 5 -4
4 4 -4 5 -4 4 4 -3” 3
3 3 5 5 -4 5 -4 -3 -3”
4 -4 5 4 -4 4 4 -3” 3
3 3 5 5 5 -4 5 -4 -3 -3”
-5 -5 -5 5 5 -4
-5 -5 -5
-3 -3 -3 3 -3
-5 -5 -5 5 5 5 -4
-5 -5 -5 5 5 5 -4 -4 4 -3
-3 -3 -3 3 -3
-4 -4 -4 5 -4
5 -4 4 7 -6 -6 6 6 5 -4
5 -4 4 7 -6 -6 6 -6 6 5 -4
4-4 4 6 5 -4 4 4 -3” 3
4 -4 5 -6 6 -6 6 5 4
4 -4 5 -4 4 4 -3” 4
4 -4 5 -6 6 -6 6 5 4
5 5 -4 -4 4 -3

#TITLE "Scarborough Fair (Eine Insel am Ende der Welt)"
-4 -4 -6 -6 -6 5 -5 5 -4
-6 7 -8 7 -6 -7 6 -6
-8 -8 -8 7 -6 -6 6 -5 5 4
-4 -6 6 -5 5 -4 4 -4
5 -5 6 -5 5 -5 5 4 -4

#TITLE "Somewhere over the rainbow"
4 7 -7 6 -6 -7 7
4 -6 6
4 -6 6 5 -5 6 -6
-4 -3 4 -4 5 4
4 7 -7 6 -6 -7 7
4 -6 6
4 -6 6 5 -5 6 -6
-4 -3 4 -4 5 4
6 5 6 5 6 5 6 5
6 -5 6 -5 6 -5 6 -5
6 -5 -6
6 5 6 5 6 5 6 5
6 -5 6 -5 6 -5 6 -5
6 -5 6 -6 -7

#TITLE "Tennesee Waltz"
4 -4 5 6 4 -4 5 6
7 -8 8 9 8 -8 7 -6
7 -8 7
4 -4 5 6 4 -4 5 6
7 -8 8
7 7
7 -8 8 9 8 -8
8 8 -8 7 -6 6
-6 -7 7 -6 6 5 -6 6 -4
4 -4 5 6 4 -4 5 6
7 -8 8
-7 7 6 -6 5 -3 -4 4
6 7 -6 6 5 -4
9 8 -8 7 -6
6 -6 5 -3 -4 4
9 8 -8 7 -6

#TITLE "The Entertainer"
-8 8 7 -6 -7 6
-4 5 4 -3
-8 8 7 -6 -7 -6 6
4 -4 5 7 5 7 5 7
7 -8 8 7 -8 8 -7 -8 7
4 -4 5 7 5 7 5 7
4 -4 5 7 5 7 5 7
7 -8 8 7 -8 7
7 -8 8 7 -8 8 7 -8 7 8 7 -8 8
7 -8 7 8 7 -8 8 -7 -8 7
5 -5 6 -6 6 5 -5 6 -6 6
8 7 6 -6 -7 7 -8 8 -8 7 -8 6
5 -5 -6 6 -6 5 -5 6 -6 6
5 -5 6 -6 6 5 -5 6 -6 6
8 7 6 -6 -7 7 -8 8 -8 7 -8 7
8 7 6 -6 7 8 -8 7

#TITLE "Tom Dooley"
6 6 6 -6 7 8 8
6 6 6 -6 7 -8
6 6 6 -6 7 -8 -8
8 -8 7
6 6 6 -6 7 8 8
8 6 6 -6 7 -8
-8 6 6 -6 7 -8 -8
8 -8 7 -6 6 -6 7
-6 6-6 7

#TITLE "What a wonderful world"
3 -3 4 4 6 -6 -6-6 6
-5 6
4 4 4 4 4 4
4 4 -3 4 -3 5
4 4 4 4 4 4
4 4 -3 4 -3 4
4 -4 -4 -4 -4 -4 3
3 5 5 5 5 4
4 -4 -4 -4 -4 -4 3
3 5 5 5 5 4
5 6 -6 -6 -6 6
5 6 -6 -6 -6 6
-6 -6 -6 6 5 -5 5 -4
4 4 4 -4 5 4
4 -3 -3 4 -4 (45)
-5 5 -4 -4 -4 4

#TITLE "Yesterday"
-4 4 4 5 -5 6 -6 -7 7 -7 -6 -6
-6 -6 6 -5 5 -4 -5 5 5
-4 4 5 -4 3 4 5 5
-4 4 4 5 -5 6 -6 -7 7 -7 -6 -6
-6 -6 6 -5 5 -4 -5 5 5
-4 4 5 -4 -3 4 5 5
5 5 -6 -7 7 -7 -6 -7
-6 6 -6 5
5 5 -6 -7 7 -7 -6 -7 -6 6 -7 7 6 -5 5

#TITLE "You are my sunshine"
3 4 -4 5 5 5 -4 5 4 4
4 -4 5 -5 -6 -6 6 -5 5
4 -4 5 -5 -6 -6 6 -5 5 4
4 -4 5 -5 -4 -4 5 4

#TITLE "Der Vogelhändler (Arie des Papageno)"
5 -4 4 4 -4 4 -3 4 -4 5 -4
-4 -3 3 3 6 6 5 -4 4
5 -4 4 -3 4 -4 4 -3 4 -4 5 -4
-4 6 6 -4 -4 -3 -3" 3
3 -3 -4 -4 5 -4 4 -4 5 -4 4
6 6 -4 -4
-5 5 -4 5 -4 4
7 -7 7 -8 7
7 -7 7 -8 7
4 -4 5 5 -5 5 -4 5 -5 6 -6
-5 -4 -3 -3 5 -4 4 -4 5 -4 4

#TITLE "Nabucco (Gefangenenchor)"
5 -4 4 3 6 6 5 4 4 -3 -4 -5
3 3 3 4 5 5 -4 5 -4 4 -3
5 -4 4 3 6 6 5 4 4 -3 -4 -5
3 3 3 4 5 6 -5 -4 4 -3 5 -4 4
5 -4 4 3 6 6 5 4 4 -3 -4 -5
3 3 3 4 5 6 -5 -4 4 -3 5 -4 4
-4 -4 4 4 4 4 4 4 4 5 -4
-4 -4 4 4 4 4 4 5 -4 -3
5 -4 4 3 6 6 5 4 4 -3 -4 -5
3 3 3 4 5 6 -5 -4 4 -3 5 -4 4
5 5 5 5 5 -6 6 -5 5 -5 -4 4
5 5 5 5 5 -6 6 -5 5 -5 -4 4
(6/5 6/5 6/5 6/5 6/5 6/5)

#TITLE "Für Elise"
-6 -6' -6 -6' -6 5 6 -5 -4
-3' -4 5 -3' 5 -5
-6 -6' -6 -6' -6 5 6 -5 -4
-3' -4 5 5 -5 5 -4
5 -5 6 -6
-4 -6 -6 6
6 -6 6 -5
-5 6 -5 5
-3' -6 -3' -6 -3' -6 -3' -6

#TITLE "Vier Jahreszeiten–Der Frühling–1.Satz Anfang (Vivaldi)"
4 5 5 5 -4 4 6
6 -5 5 5 5 -4 4 6
6 -5 5 -5 6 -5 5 -4 (-3 3)
4 5 5 5 -4 4 6
6 -5 5 5 5 -4 4 6
6 -5 5 -5 6 -5 5 -4 (-3 3)
5 6 -5 5 -5 6 -6 6
5 6 -5 5 -5 6 -6 6
5 -6 6
-5 5 -4 4 -4 4 4
5 6 -5 5 -5 6 -6 6
5 6 -5 5 -5 6 -6 6
5 -6 6
-5 5 -4 4 -4 4 4

#TITLE "A rainy night in Soho"
7 6 5 6 -5 5 4 -4 5 -4
7 6 5 6 -5 5 4 -4 5 -4 4 -3 4
5 5 -4 4 -4 5 6 6
5 5 5 -4 4 -4 5 6
7 7 7 6 -5 5 -5 6
6 6 6 6 4 -5 5 -4
5 5 5 -4 4 -4 5 6 6
5 5 -4 4 -4 5 6
7 7 7 6 -5 5 -5 6
6 6 6 4 -5 5 -4
5 5 -4 4 -4 5 6 6
5 5 -4 4 -4 5 6
7 7 7 6 -5 5 -5 6
6 6 6 6 4 -5 5 -4
5 -4 4 -4 5 6 6
5 -4 4 -4 5 6
7 7 7 7 6 -5 5 -5 6
6 6 6
5 5 -4 4 -4 5 6 6
5 5 5 -4 4 -4 5 6
7 7
6 6 6 6 4
-4 -4 4 5 -4 4
5 5 5 -4 4 -4 5 6 6
5 5 5 -4 4 -4 5 6
7 7 7 6 -5 5 -5 6
6 6 6 6 4 -5 5 -4
5 5 -4 4 -4 5 6 6
5 5 -4 4 -4 5 6
7 7 7 6 -5 5 -5 6
6 6 6 6 4 -5 5 -4
6 4 -5 5 -4
7 7 6 -5 5 -5 6
-5 5 -4

#TITLE "The Sailor and the Maid"
-6 6 -6 -4 -4 4 -4 5 -5 6 -6 -5 -5 -6 6
-5 6 -6 -4 -4 4 -4 5 -5 6 -6 6 7 -6 6 -5
-5 6 -6 -4 -4 4 -4 5 -5 6 -6 -5 -5 -6 6
-6 -7 7 -7 -6 6 -6 6 5 4 -4 5 6 5 -4
-4 -4 4 -4 -4 4 -4 5 -5 5 6 5 -5 5
-4 4 -2 4 4 -2 4 -4 5 4 6 5 -5 5
-4 4 -2 -4 -4 4 -4 5 -5 5 6 5 -5 5
-4 4 -2 -4 -4 4 -4 5 -5 6 -6 -5 6 5 -5
5 6 -6 -7 -6 6 5 -4 5 6 -6 -7 7 -7
-6 6 -6 -7 -6 6 5 -4 5 6 5 6 -4
5 6 -6 -7 -6 6 5 -4 5 6 -6 -7 7
-8 8 -8 7 8 -8 7 -6 -7 7 -6 6 5 -4

#TITLE "Scotland the Brave (Dudelsackmelodie)"
4 4 -4 5 4 5 6
7 7 7 7 6 5 6
-5 -6 -5 5 6 5 4
-4 6 6 6 -5 5 -4

#TITLE "Whiskey in the jar"
6 5 6 6 -6 6 5 -4 5 -6 -6 -7 -6 5
6 -6 -6 -6 -7 7 7 -7 -6 6 6 7 -7 -6 5
6 5 6 6 -6 6 5 -4 5 -6 -6 -7 -6 5
6 -6 -6 -6 -7 7 7 -7 -6 6 6 7 -7 -6 5
5 4 -4 -4 -4 -4 -4 4 -4
5 5 -4 5 -5 6
-6 -6 6 -6 -7 7
-6 6 5 -4 5 4

#TITLE "Alle Jahre wieder"
6 -6 6 -5 5 -4
4 -4 5 -5 5 -4
5 6 -6 6 7 -7 -6
6 -5 5 -5 6 5

#TITLE "Am Weihnachtsbaum die Lichter brennen"
4 4 5 6 5
6 7 -6 6 5
6 -6 6 -5 -4 6 6 5
5 5 6 -5 -4
-5 -5 -6 6 5
5 5 6 -5 -4
6 6 5

#TITLE "Ave Maria"
4 -3 4 5 -4 4
-4 5 -4 4 -3 -3“ -3 4
5 5 -4 4 -3 -3“ 5 -5 5 -4
-3 -4 4 -3 -4 5 -5 -4 -3 4
5 -4 -4 -3 -3“ -3 -4 -5 -4 -3 4
-3“ -3 4 -3 -3“ 3
3 -3“ -3’ -3“ -2 -2’
-2’ 4 4 4 4 4 -3 4 -4 -3’
-2 4 4 4 4 ? -4 4 -3’
-2’ 4 4 -4 -4 -5 ? -4 -4 4 -3’ -3’ -3“ -3’ 4
4 -3 4 5 -4 4

#TITLE "Es ist ein Ros entsprungen"
6 6 6 -6 6 6 5
-5 5 -4 4 -3 4
6 6 6 -6 6 6 5
-5 5 -4 4 -3 4
5 -4 -3 4 -3’’ 3
6 6 6 -6 6 6 5
-5 5 -4 4 -3 4

#TITLE "Es ist für uns eine Zeit angekommen"
4 4 -4 5 5 -4 5 5 -4 5 5
-4 5 -5 6 -6 6 6 -5 5
4 4 -4 5 5 -4 5 5 -4 5 5
-4 5 -5 6 -6 6 6 -5 5
6 6 -6 6 -5 5 -5 -6 6
5 5 6 -4 5 5 6 -4
5 -5 6 -6 6 6 -5 5

#TITLE "Ihr Kinderlein kommet"
6 6 5 6 6 5
6 -5 -4 -5 5
6 6 5 6 6 5
6 -5 -4 -5 5
5 -4 -4 -4 -5 -5
-5 5 5 5 -6
-6 6 6 6 7 6
5 -5 -4 -3 4

#TITLE "In der Weihnachtsbäckerei"
6 -5 5 5 -4 -4 4
-4 5 -5 -5 5 5 -4
-4 5 -5 -5 6
-4 5 -5 -5 6
6 -5 5 5 6 6 -4 -4 6
6 -5 5 5 -4 -4 4
-6 -5 5 5 -4 -4 4
5 5 5 5 5 -5 6 5
-5 -5 -5 -5 -5 6 -6 -5
6 6 -6 6 -7 6 4
5 5 5 5 5 -5 6 5
-5 -5 -5 -5 -5 6 -6 -5
6 6 -6 6 -7 6 4

#TITLE "Jingle Bells"
5 5 5 5 5 5
5 6 4 –4 5
-5 -5 -5 -5 -5 5 5
5 5 -4 -4 5 -4 6
5 5 5 5 5 5
5 6 4 –4 5
-5 –5 –5 –5 –5 5 5
5 6 6 –5 –4 4

#TITLE "Kommet Ihr Hirten"
6 6 5 -6 -5 6 6
5 -6 -5 6 5 6 -4 5 4
6 6 5 -6 -5 6 6
5 -6 -5 6 5 6 -4 5 4
4 5 4 5 6
4 5 4 -4 3
4 5 4 5 6
4 5 4 -4 3
6 5 6 -5 6 5

#TITLE "Lasst uns froh und munter sein"
6 6 6 -6 6 -5 5 5 5
-5 -5 -5 6 -5 5 -4 -4 -4
4 -4 5 -5 6 -6 6 -6 6
7 6 6 -6 6 -5 5 -4 6
7 6 6 -6 6 -5 5 -4 4

#TITLE "Leise rieselt der Schnee"
-6 -6 6 -6 6 -5
-5 -4 -5 5 -4 4
6 -4 -4 5 -4 5 -5

#TITLE "Little Drummer Boy"
4 -4 5 5
5 -5 5 -5 5
4 4 -4 5 5 5
5 -5 5 -5 5
-4 5 -5 6 6 6
-6 6 -5 5 -4
-4 5 -5 6 6 6
-6 -7 -6 6 -5
-6 6 -5 5
6 -5 5 -4
5 -5 6 6 6
6 -6 6 -6 6
-4 4 -4 4

#TITLE "Merry Christmas – Frohe Weihnacht"
4 -5 -5 6 -5 5 -4 -4
-4 6 6 -6 6 -5 5 4
4 -6 -6 -7 -6 6 -5 -4
4 4 -4 6 5 -5

#TITLE "O Du Fröhliche"
6 -6 6 -5 5 -5
6 -6 6 -5 5 -5
6 6 -6 -7 7 -7 -6 6
-4 5 -4 5 -5 6 -5
5 -5 5 -5 6 -6 6
7 -7 -6 6 7 -6 6 -5 5 -4 4

#TITLE "O Tannenbaum"
3 4 4 4 -4 5 5 5
5 -4 5 -5 -3 -4 4
6 6
-5 -5 -4 6 -5 -5 5 5
3 4 4 4 -4 5 5 5
5 -4 5 -5 -3 -4 4
5 -6 6 6 -5 -5

#TITLE "Rudolph the red-nosed raindeer"
-6 -7 7 -6 -5 -7 6
5 -6 -5 -4 -6 6
7 -6 -5 -7 6 5 -6 -5
-4 -6 6
5 5 5 5 -6 -6 -7
7 7 7 -7 -6 6
6 -6 6 5 7 -6 6
6 -6 6 -6 6 7 -7
-5 6 -5 -4 -7 -6 6
6 -6 6 -6 6 -6 5
6 -6 6 5 7 -6 6
6 -6 6 -6 6 7 -7
-5 6 -5 -4 -7 -6 6
6 -6 6 -6 6 -8 7
-6 -6 7 -6 6 5 6 -5 -6 6 -5 5
-4 5 6 -6 -7 -7 -7
7 7 -7 -6 6 -5 5
6 -6 6 5 7 -6 6
6 -6 6 -6 6 7 -7
-5 6 -5 -4 -7 -6 6
6 -6 6 -6 6 -8 7

#TITLE "Schneeflöckchen Weißröckchen"
5 -5 6 6 -6 -4 -4
-4 5 -5 -5 6 5
5 -5 6 6 7 -7 -6
6 -5 5 -5 -4 4

#TITLE "Stille Nacht"
6 -6 6 5
6 -6 6 5
-8 -8 -7
7 7 6
-6 -6 7 -7 -6 6 -6 6 5
-6 -6 7 -7 -6 6 -6 6 5
-8 -8 -9 -8 -7 7 8
7 6 5 6 -5 -4 4

#TITLE "Süßer die Glocken nicht klingen"
5 5 5 5 –4 5 6 –4
-4 -4 -4 -4 4 -4 5
6 -5 5 5 –4 4 7 -6
6 –6 6 6 –5 –4 4
-4 –4 –4 5 5 5 6 –5 –4 5
-4 –4 –4 5 5 5 6 –5 –4 5
6 -5 5 5 -4 4 7 -6
6 –6 6 6 –5 –4 4
:|

#TITLE "Vom Himmel hoch"
7 -7 -6 -7 6 -6 -7 7
7 7 6 6 5 6 -5 5
5 -6 -6 6 -7 7 -6 6
7 -7 -6 6 -6 -5 5 -4 4
Zweite Version:
6 6 -5 5 5 5 -5 5 -4 4
6 7 -7 -6 6 5 -4 5 -5 -6 5
5 -4 5 -6 6 -5 5 -6 6
3 -5 5 -4 -4 6 -6 6 -5 5
3 -5 5 -4 -4 6 -6 6 -5 5
5 -5 6
5 -5 6
5 -5 6 5
6 7 -6 6 -5 5 -4 -4 4

#TITLE "White Christmas"
5 -5 5 -4 5 -5 6 -6”
-6 -7 7 -8 7 -7 -6 6
4 -4 5 5 5 -6 6 4 4 4 6
-5 5 -5 5 -4 4 -4
5 -5 5 -4 5 -5 6 -6”
-6 -7 7 -8 7 -7 -6 6
4 -4 5 5 5 -6 6 7
4 -4 5 5 -6 -5 -4 -3 4

#TITLE "Michael row the boat ashore"
4 5 6 5 6 -6 6
5 6 -6 6
5 6 6 5 -5 5 -4
4 -4 5 -4 4

#TITLE "Sing Halleluja"
Version Canon:
5 -4 4 -3 -3" 3
5 -4 4 -3 -3" 3
5 -4 5 6 5 -4 5
5 5 5 6 6 -6' 7
7 -7 7 -7 -6 6
-6' 6 -6 6 5 4
5 -4 5 6 6 6 6 -6'

#TITLE "Ich hatte einen Kameraden"
3 4 5 5 5 -4 4 3
4 -4 5 6 6 6 -5 5
4 -4 5 5 5 -4 5 -5 6
-5 5 -4 -4 -4 4 -4 5 -5
6 5 5 -4 -4 5 4
-4 5 5 -4 -4 5 4

#TITLE "Lili Marleen"
5 5 -5 6 5
-5 -5 -5 7 -7
-4 -4 -4 5 -5 -5
6 -7 -6 6 -5 5
-6 -7 7 -7 -6 -6 6 -7
-6 6 -5 -6 6 -5 5 6
5 6 -5 -5 -8 7
5 6 -5 -5 -3 4

#TITLE "Wildgänse rauschen durch die Nacht"
4 4 4 3 3 5 5 4
3 3 4 -3 -4 -4 4
-5 -5 -5 -5 -5 5 5 4
3 3 4 -3 -4 -4 4

#TITLE "Wolgalied"
3 4 -4 -4 5 -4 5 -4 5
3 4 -4 5 -4 5 -4 5
3 4 4 4 -3 4 -5 4
-5 5 -4 4 -3 4 -5 4
-4 -4 -4 -4 4 -3 4
-4 -4 -4 -4 4 4 -5 -5 4
3 3 4 -4 -4 5 -4 5 -4 5
6 6 -5 -5 5 5 -4
-5 -5 5 -4 -4 4
5 5 -4 4 4 -4 5 5 5 6
6 -6 -6 -6 6 -6 6 -5 5 -4 4 -4
-5 -5 -5 5 -5 6 -6 -6 -6 7
-7 -6 6 5 6 -5 6 -5 5 -4 4

#TITLE "Deutsche Nationalhymne"
4 -4 5 -4 -5 5 -4 -3 4
-6 6 -5 5 -4 5 4 6
4 -4 5 -4 -5 5 -4 -3 4
-6 6 -5 5 -4 5 4 6
-4 5 -4 -3 3 -5 5 -4 -3 3
6 -5 5 5 -5 -5 6 6 -5 5 -4
7 -7 -7 -6 6 -6 6 6 -5 5
-4 5 -5 6 -6 -5 -4 4 5 -4 4

#TITLE "Happy Birthday"
6 6 -6 6 7 -7
-1 -1 2 -1 -2 -2’
6 6 -6 6 -8 7
-1 -1 2 -1 -3” -2
6 6 9 8 7 7 -7 -6
-1 -1 -4 -3 -2 -2 -2’ 2
-9 -9 8 7 -8 7
4 4 -3 -2 -3” -2

#TITLE "Kalinka"
-4 5 -5
-4 -5 -5 5 -4 5 -3
5 -5 6
5 6 6 -5 5 -4 5 -5 6
-6 -8 -7 7
-8 7 -7 -7 -6 6 -7 -8
-8 -7 7 -6
7 -7 -7 -6 6 -6
-6 6 5 -5 6
5 -5 6
-5 5 -4
-6 -6 6 5 (5) -5 6
5 (5) -5 6
-5 (-5) 5 -4
-6 6 5 -5 6
5 -5 6
-5 5 -4
-6 -6 6 5 (5) -5 6
5 (5) -5 6 6 -6 -7 7

#TITLE "Tarantella"
-6 -6 5 5 -6 -6 5
5 5 -5 -5 -5 6 -5 5 5
5 5 -4 -4 -4 5 -4 4 4
4 -4 4 -3 -3 -3 4 -3 -3"
-3" -3 4 -3 -3"
-4 4 -3
4 -3 -3"
-4 4 -3
4 -3 -3"
-2 -3 -3"
2 -> 4
3 4 5 6
6 -6 6 -5
-5 -5 6 -5 5
2 -> 4
3 4 5 6
6 -6 6 -7
-6 6 -5 5 -4 4
-3" -3 4 -3" -3"
-3" -3 4 -3" -3"
-3" -3 4
-3" -3 4
-3" -3 4 -3
-3 4 -4 -3 -3
-3 4 -4 -3 -3
-3 4 -4
-3 4 -4
-3 4 -4 4
-3" -3 4 -3" -3"
-3" -3 4 -3" -3"
-3" -3 4 -3" -3" -4' -4' -5
-3" -4' -5 -5 -5 5
-4 5 5 5 -4 4
-4 -4 -4 4 -3 -3"

#TITLE "Wie schön das Du geboren bist"
6 6 6 6 6 5
-5 6 -5 5 -4
-5 -5 -5 -5 -5 -4
5 -5 5 -4 4
6 6 6 6 6 5
-5 5 -5 6 -6
-6 -6 -6 -6 6 5
-4 -5 5 -4 4

#TITLE "When Johnny comes marching home again"
1. Position:
5 -6 -6 -6 -7 7 -7 7
-6 6 5 6
5 -6 -6 -6 -7 7 -7 7
-8 8 7 8
7 -8 8 8 8 -8 7 -8 -8 -8
-7 7 7 7 -7 -6 -7 -7 -7
7 -8 8 -8 7 -7
5 -6 -6 -6 6 -6
2. Position:
2 -3'' -3'' -3'' -3 4 -3 4 -3'' -2 2 -2
2 -3'' -3'' -3'' -3 4 -3 4 -4 5 4 5
4 -4 5 5 5 -4 4 -4 -4 -4
-3 4 4 4 -3 -3'' -3 -3 -3 4 -4 5 -4 4 -3
2 -3'' -3'' -3'' 3 -3''